0.16010785102844
0.15948104858398
0.13537192344666
0.34467387199402
0.12980604171753
0.12521195411682
0.33164310455322
0.3993718624115
0.13187503814697
0.41263198852539
0.12459206581116
0.36223101615906
0.1324200630188
0.2348530292511
0.14211797714233
0.12736487388611
0.38299822807312
0.14373803138733
4.0004608631134
0.12282204627991
0.12377285957336
0.1514618396759
0.17553496360779
0.14189195632935
0.14031100273132
0.14858412742615
0.12157607078552
0.12537884712219
0.12874388694763
0.11682415008545
0.11899781227112
0.14716386795044
0.11571407318115
0.12165999412537
0.19187307357788
0.13493204116821
0.13783502578735
0.1298189163208
0.14015197753906
0.1600649356842
0.11709690093994
0.13218402862549
0.12395191192627
0.11935806274414
0.12633299827576
0.13983702659607
0.13837504386902
0.13825106620789
0.13313102722168
0.32780408859253
0.11444902420044
0.33731603622437
0.14596796035767
0.129469871521
0.11563992500305
0.12553286552429
0.13523292541504
0.16470003128052
0.14814901351929
0.13435912132263
0.11181497573853
0.15610289573669
0.12872385978699
0.12676906585693
0.12521505355835
0.148845911026
0.35688710212708
0.14379692077637
0.12831687927246
0.13687801361084
0.16657519340515
0.12913393974304
0.11045408248901
0.12261509895325
0.12574410438538
0.14068198204041
0.13315296173096
0.12527394294739
0.36073303222656
0.33996796607971
0.23025894165039
0.14792609214783
0.12425589561462
0.14399290084839
0.11569285392761
0.11389994621277
0.12867593765259
0.12496995925903
0.15147113800049
0.13412594795227
0.21489191055298
0.11079120635986
0.13511419296265
0.1131010055542
0.12431001663208
0.14794397354126
0.12709307670593
0.32773590087891
0.1448278427124
0.11797595024109
0.11177802085876
0.12597799301147
0.13612198829651
0.15235900878906
0.13234806060791
0.1187379360199
0.12728095054626
0.1141209602356
0.13992595672607
0.14234495162964
0.14554691314697
0.10962390899658
0.13506102561951
0.13959193229675
0.13767290115356
0.14214587211609
0.11547684669495
0.12660789489746
0.36975693702698
